molecule template:

     6 atoms
     9 bonds
     20 angles

Types

    1 8
    2 1
    3 1
    4 8
    5 8
    6 8

Bonds

    1 1 1 2
    2 1 3 4
    3 3 1 4
    4 3 4 5
    5 3 1 5
    6 3 1 6
    7 3 5 6
    8 3 4 6
    9 2 2 3

Angles

    1 2 4 1 2
    2 2 1 4 3
    3 2 5 1 2
    4 2 5 4 3
    5 2 6 1 2
    6 2 6 4 3
    7 1 1 2 3
    8 1 4 3 2
    9 3 5 4 1
    10 3 4 1 5
    11 3 1 5 4
    12 3 6 1 4
    13 3 6 1 5
    14 3 1 6 5
    15 3 6 5 1
    16 3 6 5 4
    17 3 5 4 6
    18 3 6 4 1
    19 3 1 6 4
    20 3 4 6 5