molecule template:

     8 atoms
     11 bonds
     26 angles

Types

    1 8
    2 8
    3 8
    4 8
    5 1
    6 1
    7 1
    8 1

Bonds

    1 3 1 2
    2 3 2 3
    3 3 3 1
    4 1 4 5
    5 1 2 6
    6 1 3 7
    7 1 1 8
    8 2 5 6
    9 3 4 1
    10 3 4 3
    11 3 4 2
    
Angles

    1 2 7 3 2
    2 2 7 3 1
    3 2 6 2 3
    4 2 6 2 1
    5 2 8 1 3
    6 2 8 1 2
    7 1 5 6 2
    8 1 4 5 6
    9 2 8 1 4
    10 2 5 4 1     
    11 2 5 4 3
    12 2 7 3 4
    13 2 5 4 2
    14 2 6 2 4
    15 3 1 2 3
    16 3 3 1 2
    17 3 2 3 1
    18 3 4 1 2
    19 3 4 1 3
    20 3 4 3 1
    21 3 4 3 2
    22 3 1 4 3
    23 3 2 4 3
    24 3 2 4 1
    25 3 4 2 1
    26 3 4 2 3
