molecule template:

     8 atoms
     10 bonds
     20 angles
     1 fragments

Types

    1 7
    2 7
    3 7
    4 7
    5 1
    6 1
    7 1
    8 1

Bonds

    1 3 1 2
    2 3 2 3
    3 3 3 1
    4 1 4 5
    5 1 2 6
    6 1 3 7
    7 1 1 8
    8 2 5 8
    9 3 4 1
    10 3 4 3
    
Angles

    1 2 7 3 2
    2 2 7 3 1
    3 2 6 2 3
    4 2 6 2 1
    5 2 8 1 3
    6 2 8 1 2
    7 1 5 8 1
    8 1 4 5 8
    9 2 8 1 4
    10 2 5 4 1     
    11 2 5 4 3
    12 2 7 3 4
    13 3 1 2 3
    14 3 3 1 2
    15 3 2 3 1
    16 3 4 1 2
    17 3 4 1 3
    18 3 4 3 1
    19 3 4 3 2
    20 3 1 4 3

Fragments

    1 4 2

