molecule template:

     9 atoms
     12 bonds
     27 angles
     1 fragments

Types

    1 8
    2 8
    3 8
    4 8
    5 1
    6 1
    7 1
    8 1
    9 1

Bonds

    1 3 1 2
    2 3 2 3
    3 3 3 1
    4 1 4 5
    5 1 2 6
    6 1 3 7
    7 1 1 8
    8 2 6 7
    9 2 5 9
    10 3 4 1
    11 3 4 3
    12 3 4 2
    
Angles

    1 2 7 3 2
    2 2 7 3 1
    3 2 6 2 3
    4 2 6 2 1
    5 2 8 1 3
    6 2 8 1 2
    7 1 3 7 6
    8 1 2 6 7
    9 1 4 5 9
    10 2 8 1 4
    11 2 5 4 1     
    12 2 5 4 3
    13 2 7 3 4
    14 2 5 4 2
    15 2 6 2 4
    16 3 1 2 3
    17 3 3 1 2
    18 3 2 3 1
    19 3 4 1 2
    20 3 4 1 3
    21 3 4 3 1
    22 3 4 3 2
    23 3 1 4 3
    24 3 2 4 3
    25 3 2 4 1
    26 3 4 2 1
    27 3 4 2 3

Fragments

    1 4 2

