molecule template:

     12 atoms
     14 bonds
     28 angles

Types

    1 8
    2 8
    3 8
    4 8
    5 1
    6 1
    7 1
    8 1
    9 1
    10 1
    11 1
    12 1

Bonds

    1 3 1 2
    2 3 2 3
    3 3 3 1
    4 1 4 5
    5 1 2 6
    6 1 3 7
    7 1 1 8
    8 2 9 5
    9 2 10 6
    10 2 11 7
    11 2 12 8
    12 3 4 1
    13 3 4 3
    14 3 4 2
    
Angles

    1 2 7 3 2
    2 2 7 3 1
    3 2 6 2 3
    4 2 6 2 1
    5 2 8 1 3
    6 2 8 1 2
    7 1 9 5 4
    8 1 10 6 2
    9 1 11 7 3
    10 1 12 8 1
    11 2 8 1 4
    12 2 5 4 1     
    13 2 5 4 3
    14 2 7 3 4
    15 2 5 4 2
    16 2 6 2 4
    17 3 1 2 3
    18 3 3 1 2
    19 3 2 3 1
    20 3 4 1 2
    21 3 4 1 3
    22 3 4 3 1
    23 3 4 3 2
    24 3 1 4 3
    25 3 2 4 3
    26 3 2 4 1
    27 3 4 2 1
    28 3 4 2 3
