molecule template:

     10 atoms
     11 bonds
     20 angles

Types

    1 7
    2 7
    3 7
    4 7
    5 1
    6 1
    7 1
    8 1
    9 1
    10 1

Bonds

    1 3 1 2
    2 3 2 3
    3 3 3 1
    4 1 4 5
    5 1 2 6
    6 1 3 7
    7 1 1 8
    8 2 9 8
    9 2 10 6
    10 3 4 1
    11 3 4 2
    
Angles

    1 2 7 3 2
    2 2 7 3 1
    3 2 6 2 3
    4 2 6 2 1
    5 2 8 1 3
    6 2 8 1 2
    7 1 9 8 1
    8 1 10 6 2
    9 2 8 1 4
    10 2 5 4 1     
    11 2 5 4 2
    12 2 6 2 4
    13 3 1 2 3
    14 3 3 1 2
    15 3 2 3 1
    16 3 4 1 2
    17 3 4 1 3
    18 3 4 2 3
    19 3 4 2 1
    20 3 2 4 1
