molecule template:

     10 atoms
     13 bonds
     28 angles
     1 fragments

Types

    1 8
    2 8
    3 8
    4 8
    5 1
    6 1
    7 1
    8 1
    9 1
    10 1

Bonds

    1 3 1 2
    2 3 2 3
    3 3 3 1
    4 1 4 5
    5 1 2 6
    6 1 3 7
    7 1 1 8
    8 2 5 6
    9 2 7 9
    10 2 8 10
    11 3 4 1
    12 3 4 2
    13 3 4 3
    
Angles

    1 2 7 3 2
    2 2 7 3 1
    3 2 6 2 3
    4 2 6 2 1
    5 2 8 1 3
    6 2 8 1 2
    7 1 4 5 6
    8 1 2 6 5
    9 1 3 7 9
    10 1 1 8 10
    11 2 8 1 4
    12 2 5 4 1
    13 2 5 4 2
    14 2 6 2 4
    15 2 5 4 3
    16 2 7 3 4
    17 3 1 2 3
    18 3 3 1 2
    19 3 2 3 1
    20 3 4 1 2
    21 3 4 1 3
    22 3 4 2 3
    23 3 4 2 1
    24 3 2 4 1
    25 3 3 4 1
    26 3 3 4 2
    27 3 4 3 1
    28 3 4 3 2

Fragments

    1 4 3

