molecule template:

     10 atoms
     12 bonds
     22 angles

Types

    1 7
    2 7
    3 7
    4 7
    5 1
    6 1
    7 1
    8 1
    9 1
    10 1

Bonds

    1 3 1 2
    2 3 2 3
    3 3 3 1
    4 1 4 5
    5 1 2 6
    6 1 3 7
    7 1 1 8
    8 2 5 6
    9 2 7 9
    10 2 8 10
    11 3 4 1
    12 3 4 2
    
Angles

    1 2 7 3 2
    2 2 7 3 1
    3 2 6 2 3
    4 2 6 2 1
    5 2 8 1 3
    6 2 8 1 2
    7 1 4 5 6
    8 1 2 6 5
    9 1 3 7 9
    10 1 1 8 10
    11 2 8 1 4
    12 2 5 4 1
    13 2 5 4 2
    14 2 6 2 4
    15 3 1 2 3
    16 3 3 1 2
    17 3 2 3 1
    18 3 4 1 2
    19 3 4 1 3
    20 3 4 2 3
    21 3 4 2 1
    22 3 2 4 1
