molecule template:

     10 atoms
     11 bonds
     18 angles
     1 fragments

Types

    1 6
    2 1
    3 1
    4 7
    5 7
    6 7
    7 7
    8 6
    9 6
    10 6

Bonds

    1 1 1 2
    2 1 3 4
    3 3 4 5
    4 3 4 6
    5 3 5 6
    6 3 4 7
    7 3 1 8
    8 3 1 9
    9 3 8 9
    10 3 1 10
    11 2 2 3

Angles

    1 2 3 4 5
    2 2 3 4 6
    3 2 3 4 7
    4 2 2 1 8
    5 2 2 1 9
    6 2 2 1 10
    7 1 1 2 3
    8 1 4 3 2
    9 3 6 4 5
    10 3 4 5 6
    11 3 5 6 4
    12 3 7 4 5
    13 3 7 4 6
    14 3 8 1 9
    15 3 1 9 8
    16 3 9 8 1
    17 3 10 1 8
    18 3 10 1 9

Fragments

    1 2 3

