molecule template:

     10 atoms
     10 bonds
     16 angles
     1 fragments

Types

    1 6
    2 1
    3 1
    4 8
    5 8
    6 8
    7 8
    8 6
    9 6
    10 6

Bonds

    1 1 1 2
    2 1 3 4
    3 3 4 5
    4 3 4 6
    5 3 5 6
    6 3 4 7
    7 3 1 8
    8 3 1 9
    9 3 8 9
    10 3 1 10

Angles

    1 2 3 4 5
    2 2 3 4 6
    3 2 3 4 7
    4 2 2 1 8
    5 2 2 1 9
    6 2 2 1 10
    7 3 6 4 5
    8 3 4 5 6
    9 3 5 6 4
    10 3 7 4 5
    11 3 7 4 6
    12 3 8 1 9
    13 3 1 9 8
    14 3 9 8 1
    15 3 10 1 8
    16 3 10 1 9

Fragments

    1 2 3

