molecule template:

     11 atoms
     11 bonds
     16 angles
     1 fragments

Types

    1 6
    2 6
    3 6
    4 6
    5 1
    6 1
    7 1
    8 1
    9 1
    10 1
    11 1

Bonds

    1 3 1 2
    2 3 2 3
    3 3 3 1
    4 1 4 5
    5 1 2 6
    6 1 3 7
    7 1 1 8
    8 2 9 5
    9 2 10 6
    10 2 11 7
    11 3 4 1
    
Angles

    1 2 7 3 2
    2 2 7 3 1
    3 2 6 2 3
    4 2 6 2 1
    5 2 8 1 3
    6 2 8 1 2
    7 1 9 5 4
    8 1 10 6 2
    9 1 11 7 3
    10 2 8 1 4
    11 2 5 4 1
    12 3 1 2 3
    13 3 3 1 2
    14 3 2 3 1
    15 3 4 1 2
    16 3 4 1 3

Fragments

    1 4 3

