molecule template:

     10 atoms
     11 bonds
     17 angles
     1 fragments

Types

    1 6
    2 6
    3 6
    4 6
    5 1
    6 1
    7 1
    8 1
    9 1
    10 1

Bonds

    1 3 1 2
    2 3 2 3
    3 3 3 1
    4 1 4 5
    5 1 2 6
    6 1 3 7
    7 1 1 8
    8 2 8 6
    9 2 7 9
    10 2 5 10
    11 3 4 1
    
Angles

    1 2 7 3 2
    2 2 7 3 1
    3 2 6 2 3
    4 2 6 2 1
    5 2 8 1 3
    6 2 8 1 2
    7 1 2 6 8
    8 1 1 8 6
    9 1 3 7 9
    10 1 4 5 10
    11 2 8 1 4
    12 2 5 4 1
    13 3 1 2 3
    14 3 3 1 2
    15 3 2 3 1
    16 3 4 1 2
    17 3 4 1 3

Fragments

    1 4 3

